21
57
68
88
120
122
130
208
218
225
229
235
243
284
302
319
337
340
370
373
469
474
476
532
553
555
565
602
737
794
797
857
865
971
1010
1013
1070
1082
1175
1196
1314
1331
1346
1387
1389
1406
1457
1459
1471
1537
1566
1568
1588
1590
1606
1645
1650
1797
1856
1883
1907
1908
2012
2057
2090
2212
2241
2252
2264
2281
2327
2360
2443
2487
2489
2505
2565
2601
2641
2664
2690
2718
2729
2768
2779
2804
2821
2896
2897
2947
2960
3016
3018
3077
3120
3135
3138
3178
3220
3252
3255
3274
3311
3319
3329
3335
3336
3359
3364
3404
3411
3449
3472
3530
3533
3544
3553
3570
3611
3638
3756
3769
3776
3790
3823
3829
3850
3857
3928
3954
3956
3957
3972
3979
3991
3993
3997
4049
4100
4113
4122
4128
4135
4136
4222
4231
4270
4326
4335
4399
4400
4431
4458
4504
4515
4525
4545
4636
4646
4699
4714
4789
4814
4816
4882
5007
5022
5101
5141
5151
5174
5181
5228
5231
5232
5298
5303
5310
5339
5342
5358
5394
5404
5419
5420
5501
5533
5547
5563
5569
5634
5675
5706
5716
5738
5786
5805
5820
5828
5836
5843
5854
5863
5865
5868
5954
5971
6003
6034
6065
6070
6097
6112
6113
6114
6183
6234
6284
6293
6386
6411
6415
6417
6460
6470
6525
6558
6564
6575
6602
6714
6823
6831
6841
6872
6931
6935
6961
6996
7003
7004
7049
7143
7169
7183
7185
7197
7302
7323
7340
7357
7404
7448
7534
7552
7560
7564
7654
7674
7718
7733
7738
7745
7753
7769
7817
7844
7888
7925
8016
8080
8122
8141
8166
8251
8340
8347
8364
8378
8454
8461
8463
8535
8538
8567
8586
8634
8636
8672
8676
8765
8812
8828
8833
8841
8859
8916
8951
8955
9011
9042
9050
9058
9064
9079
9143
9148
9164
9193
9198
9219
9288
9345
9348
9378
9379
9458
9494
9634
9644
9646
9651
9669
9702
9710
9714
9735
9746
9762
9795
9832
9846
9891
9920
9952
9956
9983
10058
10084
10099
10210
10239
